%date
z1 = 28;
z2 = 46;
z3 = 20;
z4 = 78;
m12 = 1.5;
m34 = 2.25;
g12 = 3;
g34 = 4;
Jdl = 4.5 * (10^(-7));
Mrez = 0.011;
f = 120;
ro = 2710;

i12 = z2/z1;
i34 = z4/z3;

Dd1 = m12 * z1;
v1 = 3.14 * (((Dd1^2) * g12 * (10^(-9)))/4);
m1 = ro * v1;
J1 = m1 * (((Dd1^2) * (10^(-6)))/8);
w1 = 0.0314 * f * (3.14 / 180);

Dd2 = m12 * z2;
v2 = 3.14 * (((Dd2^2) * g12 * (10^(-9)))/4);
m2 = ro * v2;
J2 = m2 * (((Dd2^2) * (10^(-6)))/8);
w2 = 0.0314 * f * (3.14 / 180);

Dd3 = m34 * z3;
v3 = 3.14 * (((Dd3^2) * g34 * (10^(-9)))/4);
m3 = ro * v3;
J3 = m3 * (((Dd3^2) * (10^(-6)))/8);
w3 = w2;

Dd4 = m34 * z4;
v4 = 3.14 * (((Dd4^2) * g34 * (10^(-9)))/4);
m4 = ro * v4;
J4 = m4 * (((Dd4^2) * (10^(-6)))/8);
w4 = w3 / i34;

Jred = (J4 * (w4^2) + J3 * (w3^2) + J2 * (w2^2) + J1 * (w1^2)  + (18 * (10^(-7))))/w1;
